<?xml version="1.0" encoding="UTF-8" standalone="no"?>
<!-- Created with Inkscape (http://www.inkscape.org/) -->

<svg
   version="1.1"
   id="svg1"
   width="1021"
   height="362"
   viewBox="0 0 1021 362"
   sodipodi:docname="Estrutural_logo"
   inkscape:version="1.4.3 (0d15f75042, 2025-12-25)"
   xmlns:inkscape="http://www.inkscape.org/namespaces/inkscape"
   xmlns:sodipodi="http://sodipodi.sourceforge.net/DTD/sodipodi-0.dtd"
   xmlns="http://www.w3.org/2000/svg"
   xmlns:svg="http://www.w3.org/2000/svg">
  <sodipodi:namedview
     id="namedview1"
     pagecolor="#505050"
     bordercolor="#eeeeee"
     borderopacity="1"
     inkscape:showpageshadow="0"
     inkscape:pageopacity="0"
     inkscape:pagecheckerboard="0"
     inkscape:deskcolor="#505050"
     inkscape:zoom="0.85504407"
     inkscape:cx="510.5"
     inkscape:cy="181.27721"
     inkscape:window-width="1920"
     inkscape:window-height="1011"
     inkscape:window-x="0"
     inkscape:window-y="0"
     inkscape:window-maximized="1"
     inkscape:current-layer="g1" />
  <defs
     id="defs1" />
  <g
     id="g1">
    <path
       style="display:inline;fill:#c90c0f;fill-opacity:1;stroke:#000000;stroke-width:1;stroke-linecap:square;stroke-opacity:0;paint-order:stroke markers fill;stroke-dasharray:none;vector-effect:non-scaling-stroke;-inkscape-stroke:hairline"
       d="M 87.993526,112.1165 C 80.623557,109.72516 74.752666,104.57017 71.107799,97.289838 68.319417,91.720265 68.219089,80.31625 70.906414,74.398882 78.846565,56.915027 103.77244,53.401744 116.27198,68.00464 c 11.38338,13.298928 7.43154,34.25156 -7.91805,41.98141 -5.15968,2.59835 -15.563357,3.68696 -20.360404,2.13045 z"
       id="path77" />
    <g
       id="g80"
       style="fill:#ffffff">
      <path
         style="display:inline;fill:#ffffff;fill-opacity:1;stroke:#000000;stroke-width:6.16819;stroke-linecap:square;stroke-opacity:0;paint-order:stroke markers fill"
         d="M 921,144.5 V 120 h 5.5 5.5 v 19.96379 19.96379 l 9.75,0.28621 9.75,0.28621 0.3075,4.25 0.3075,4.25 H 936.5575 921 Z"
         id="path76" />
      <path
         style="display:inline;fill:#ffffff;fill-opacity:1;stroke:#000000;stroke-width:6.16819;stroke-linecap:square;stroke-opacity:0;paint-order:stroke markers fill"
         d="M 828,144.5 V 120 l 11.25,0.022 c 16.99105,0.0331 22.75,3.57154 22.75,13.978 0,5.16884 -2.06529,9.21178 -5.96804,11.68283 l -3.04269,1.92649 6.07745,8.94534 c 3.3426,4.91994 6.61802,9.50228 7.27872,10.18298 0.94096,0.96945 3.04514,-4.01448 9.71043,-23 l 8.50917,-24.23764 6.07789,-0.29409 c 5.83487,-0.28234 6.1225,-0.18237 7.19339,2.5 2.27212,5.6912 16.16368,45.59314 16.16368,46.42833 0,0.47617 -2.3625,0.86514 -5.25,0.86437 l -5.25,-0.001 -1.77373,-6.03583 -1.77373,-6.03582 -9.18293,0.28721 -9.18293,0.28721 -1.58725,5.5 -1.58725,5.5 -11.10409,0.2818 -11.10408,0.28179 -5.85201,-9.5266 c -5.09911,-8.30096 -6.2058,-9.52727 -8.602,-9.5318 L 839,150 v 9.5 9.5 h -5.5 -5.5 z m 69,3.39461 c 0,-1.71159 -5.12345,-18.29878 -5.91665,-19.15515 C 890.435,128.03947 885,145.06932 885,147.80082 c 0,0.799 2.00228,1.19918 6,1.19918 3.71469,0 6,-0.42103 6,-1.10539 z m -46.75,-9.0017 C 854.61804,133.61513 850.65692,128 842.56574,128 H 839 v 7.13592 7.13593 l 4.75,-0.63223 c 3.05707,-0.4069 5.37371,-1.38584 6.5,-2.74671 z"
         id="path75" />
      <path
         style="display:inline;fill:#ffffff;fill-opacity:1;stroke:#000000;stroke-width:6.16819;stroke-linecap:square;stroke-opacity:0;paint-order:stroke markers fill"
         d="M 789,144.5 V 120 h 14.5 14.5 v 4 4 h -9 -9 v 5.5 5.5 h 8 8 v 4 4 h -8 -8 v 6.46107 6.46106 l 8.75,0.28894 8.75,0.28893 0.3075,4.25 0.3075,4.25 H 803.5575 789 Z"
         id="path74" />
      <path
         style="display:inline;fill:#ffffff;fill-opacity:1;stroke:#000000;stroke-width:6.16819;stroke-linecap:square;stroke-opacity:0;paint-order:stroke markers fill"
         d="M 738,144.62325 V 120 l 11.75,0.01 c 10.23279,0.009 12.39562,0.31302 16.75,2.35826 5.98051,2.80905 7.73387,4.64577 10.58258,11.08575 3.96637,8.96664 1.44757,23.00211 -5.24891,29.24849 -4.46517,4.16504 -9.67669,5.60117 -22.08367,6.08553 L 738,169.24651 Z m 24.07955,13.67069 c 4.51141,-2.66496 6.18903,-7.30425 5.75431,-15.91297 -0.3397,-6.7269 -0.65493,-7.66358 -3.55525,-10.5639 -2.71639,-2.71639 -4.06829,-3.24657 -9.23055,-3.61997 L 749,127.75962 V 143.87981 160 h 5.09571 c 3.00782,0 6.27908,-0.69903 7.98384,-1.70606 z"
         id="path73" />
      <path
         style="display:inline;fill:#ffffff;fill-opacity:1;stroke:#000000;stroke-width:6.16819;stroke-linecap:square;stroke-opacity:0;paint-order:stroke markers fill"
         d="M 699,144.5 V 120 h 14.5 14.5 v 4 4 h -9 -9 v 5.5 5.5 h 8 8 v 4 4 h -8 -8 v 6.46107 6.46106 l 8.75,0.28894 8.75,0.28893 0.3075,4.25 0.3075,4.25 H 713.5575 699 Z"
         id="path72" />
      <path
         style="display:inline;fill:#ffffff;fill-opacity:1;stroke:#000000;stroke-width:6.16819;stroke-linecap:square;stroke-opacity:0;paint-order:stroke markers fill"
         d="M 661,144.5 V 120 h 14 14 v 4 4 h -9 -9 v 6.5 6.5 h 8.5 8.5 v 3.95956 3.95956 l -8.25,0.29044 -8.25,0.29044 -0.28621,9.75 -0.28621,9.75 H 665.96379 661 Z"
         id="path71" />
      <path
         style="display:inline;fill:#ffffff;fill-opacity:1;stroke:#000000;stroke-width:6.16819;stroke-linecap:square;stroke-opacity:0;paint-order:stroke markers fill"
         d="M 556,148.5 V 128 h -6.5 -6.5 v -4 -4 h 18.5 18.5 v 4 4 h -7 -7 v 20.5 20.5 h -5 -5 z"
         id="path70" />
      <path
         style="display:inline;fill:#ffffff;fill-opacity:1;stroke:#000000;stroke-width:6.16819;stroke-linecap:square;stroke-opacity:0;paint-order:stroke markers fill"
         d="M 464,148.5 V 128 h -6.5 -6.5 v -4 -4 h 18.5 18.5 v 4 4 h -7 -7 v 20.5 20.5 h -5 -5 z"
         id="path69" />
      <path
         style="display:inline;fill:#ffffff;fill-opacity:1;stroke:#000000;stroke-width:6.16819;stroke-linecap:square;stroke-opacity:0;paint-order:stroke markers fill"
         d="M 432,144.5 V 120 h 5.5 5.5 v 24.5 24.5 h -5.5 -5.5 z"
         id="path68" />
      <path
         style="display:inline;fill:#ffffff;fill-opacity:1;stroke:#000000;stroke-width:6.16819;stroke-linecap:square;stroke-opacity:0;paint-order:stroke markers fill"
         d="M 401,148.5 V 128 h -6.5 -6.5 v -4 -4 h 18.5 18.5 v 4 4 h -7 -7 v 20.5 20.5 h -5 -5 z"
         id="path67" />
      <path
         style="display:inline;fill:#ffffff;fill-opacity:1;stroke:#000000;stroke-width:6.16819;stroke-linecap:square;stroke-opacity:0;paint-order:stroke markers fill"
         d="M 297,144.5 V 120 h 6.77895 6.77896 L 321.02895,138.10103 331.5,156.20206 331.77256,138.10103 332.04512,120 H 336.52256 341 v 24.54569 24.54569 L 334.27421,168.79569 327.54843,168.5 317.02421,150.02457 306.5,131.54913 306.22793,150.27457 305.95587,169 H 301.47793 297 Z"
         id="path66" />
      <path
         style="display:inline;fill:#ffffff;fill-opacity:1;stroke:#000000;stroke-width:6.16819;stroke-linecap:square;stroke-opacity:0;paint-order:stroke markers fill"
         d="M 274,144.5 V 120 h 5.5 5.5 v 24.5 24.5 h -5.5 -5.5 z"
         id="path65" />
      <path
         style="display:inline;fill:#ffffff;fill-opacity:1;stroke:#000000;stroke-width:6.16819;stroke-linecap:square;stroke-opacity:0;paint-order:stroke markers fill"
         d="M 604.5,169.0741 C 592.07631,166.91088 584.96154,156.02353 586.33813,141.28198 587.71586,126.52816 595.53153,119 609.47108,119 c 7.22402,0 13.89689,2.51612 17.47223,6.58822 8.29115,9.44309 7.69738,30.05419 -1.09599,38.04481 -5.23452,4.75665 -13.36963,6.83015 -21.34732,5.44107 z m 11.59523,-9.78943 c 4.20558,-2.48429 6.22866,-8.54687 5.7397,-17.20022 -0.46115,-8.16124 -2.58516,-11.83535 -8.04285,-13.91256 -4.91187,-1.86948 -10.96256,-0.14559 -13.88262,3.95526 -2.68604,3.7722 -3.75737,14.77363 -1.96695,20.19864 2.53868,7.69229 11.25475,11.03361 18.15272,6.95888 z"
         id="path64" />
      <path
         style="display:inline;fill:#ffffff;fill-opacity:1;stroke:#000000;stroke-width:6.16819;stroke-linecap:square;stroke-opacity:0;paint-order:stroke markers fill"
         d="M 509.90509,169.07825 C 504.01637,167.91031 499.67637,164.8022 497.25,160.01523 495.16736,155.9064 495,154.25311 495,137.78811 V 120 h 4.93688 4.93687 l 0.31313,18.08875 0.31312,18.08874 2.80576,2.41126 c 4.70168,4.04058 13.28311,2.80376 15.58397,-2.24607 C 524.56394,154.86295 525,147.24758 525,136.95295 V 120 h 5.05943 5.05942 l -0.30942,19.42996 c -0.28453,17.86619 -0.47752,19.65692 -2.39801,22.25 -4.26468,5.75824 -14.24086,9.03761 -22.50633,7.39829 z"
         id="path63" />
      <path
         style="display:inline;fill:#ffffff;fill-opacity:1;stroke:#000000;stroke-width:6.16819;stroke-linecap:square;stroke-opacity:0;paint-order:stroke markers fill"
         d="m 361,169.30763 c -1.375,-0.24236 -4.1875,-0.87808 -6.25,-1.41269 -3.62773,-0.94033 -3.75,-1.1175 -3.75,-5.43348 0,-2.4538 0.3375,-4.45659 0.75,-4.45064 0.4125,0.006 2.95902,0.68096 5.65893,1.5 C 366.99976,162.4203 373,161.06108 373,155.979 c 0,-3.11054 -1.98285,-4.78516 -11.9613,-10.10191 -8.13591,-4.33501 -11.02799,-11.88271 -7.44573,-19.43176 C 355.58439,122.24871 361.92935,119 368.13422,119 372.2941,119 383,121.52407 383,122.50481 c 0,0.23504 -0.76486,2.03127 -1.69969,3.99162 -1.13857,2.38761 -2.18511,3.37802 -3.17007,3.00005 -8.35587,-3.20645 -15.31455,-2.19562 -15.957,2.31793 -0.45535,3.19901 1.21564,4.85085 8.7692,8.66873 9.00372,4.55085 11.29779,7.23028 11.78032,13.75917 0.46974,6.35581 -1.79139,10.63507 -6.8547,12.97277 -3.76156,1.73669 -11.0597,2.76384 -14.86806,2.09255 z"
         id="path62" />
    </g>
    <g
       id="g81"
       style="fill:#ffffff">
      <path
         style="display:inline;fill:#ffffff;fill-opacity:1;stroke:#000000;stroke-width:6.16819;stroke-linecap:square;stroke-opacity:0;paint-order:stroke markers fill"
         d="m 428.94518,227.94518 c -1.54279,-1.54279 -1.97886,-3.07528 -1.75,-6.15003 0.42655,-5.73069 3.78649,-8.07185 12.36872,-8.61832 l 6.54235,-0.41659 -0.64664,-3.13012 c -0.88531,-4.28544 -3.18916,-5.90266 -7.45961,-5.23638 -1.925,0.30034 -4.35157,0.67211 -5.39237,0.82616 -1.04081,0.15406 -2.08988,-0.27963 -2.33128,-0.96375 -0.99846,-2.82956 10.17625,-4.37395 15.17353,-2.09703 3.40374,1.55085 4.53766,6.06474 4.54454,18.09088 0.005,9.08519 -0.13079,9.75 -1.99442,9.75 -1.35668,0 -2,-0.66667 -2,-2.07258 v -2.07258 l -2.63486,2.07258 c -3.64412,2.86647 -11.5615,2.87622 -14.41996,0.0178 z m 13.41996,-3.01776 c 1.93084,-1.5188 2.63486,-2.98837 2.63486,-5.5 0,-3.3679 -0.0738,-3.42716 -4.25,-3.41268 -5.92407,0.0206 -9.17429,1.87156 -9.58579,5.45912 -0.61673,5.37688 6.11654,7.45294 11.20093,3.45356 z"
         id="path57" />
      <path
         style="display:inline;fill:#ffffff;fill-opacity:1;stroke:#000000;stroke-width:6.16819;stroke-linecap:square;stroke-opacity:0;paint-order:stroke markers fill"
         d="m 415,215.5 c 0,-13.83333 0.0919,-14.5 2,-14.5 1.90805,0 2,0.66667 2,14.5 0,13.83333 -0.0919,14.5 -2,14.5 -1.90805,0 -2,-0.66667 -2,-14.5 z"
         id="path56" />
      <path
         style="display:inline;fill:#ffffff;fill-opacity:1;stroke:#000000;stroke-width:6.16819;stroke-linecap:square;stroke-opacity:0;paint-order:stroke markers fill"
         d="M 414.62258,194.45885 C 413.77835,192.25881 414.69038,191 417.12857,191 c 1.51073,0 1.93109,0.5568 1.69098,2.23978 -0.3827,2.68245 -3.30922,3.5325 -4.19697,1.21907 z"
         id="path59" />
      <path
         style="display:inline;fill:#ffffff;fill-opacity:1;stroke:#000000;stroke-width:6.16819;stroke-linecap:square;stroke-opacity:0;paint-order:stroke markers fill"
         d="m 401,209.5 c 0,-19.83333 0.065,-20.5 2,-20.5 1.93496,0 2,0.66667 2,20.5 0,19.83333 -0.065,20.5 -2,20.5 -1.93496,0 -2,-0.66667 -2,-20.5 z"
         id="path55" />
      <path
         style="display:inline;fill:#ffffff;fill-opacity:1;stroke:#000000;stroke-width:6.16819;stroke-linecap:square;stroke-opacity:0;paint-order:stroke markers fill"
         d="m 388,215.5 c 0,-13.83333 0.0919,-14.5 2,-14.5 1.90805,0 2,0.66667 2,14.5 0,13.83333 -0.0919,14.5 -2,14.5 -1.90805,0 -2,-0.66667 -2,-14.5 z"
         id="path54" />
      <path
         style="display:inline;fill:#ffffff;fill-opacity:1;stroke:#000000;stroke-width:6.16819;stroke-linecap:square;stroke-opacity:0;paint-order:stroke markers fill"
         d="m 361.25,229.33772 c -0.6875,-0.27741 -1.25,-1.35575 -1.25,-2.3963 0,-1.61765 0.37186,-1.75054 2.5651,-0.91667 3.35213,1.27448 9.06288,1.24472 11.50064,-0.0599 1.12912,-0.60429 1.93426,-2.08728 1.93426,-3.56272 0,-2.13729 -0.9862,-2.97469 -6.38753,-5.42378 -3.51314,-1.59293 -7.11314,-3.62185 -8,-4.50871 -2.55796,-2.55796 -2.02593,-6.9983 1.13753,-9.49378 2.3137,-1.82515 3.7355,-2.10718 8.96162,-1.77763 6.69829,0.42239 7.83559,0.93341 6.98875,3.14025 -0.44115,1.1496 -1.29732,1.22435 -4.43396,0.38714 -6.79531,-1.81378 -12.15378,1.05875 -9.58164,5.13645 0.55169,0.8746 3.28193,2.50625 6.06721,3.62589 2.78528,1.11963 6.00552,2.88762 7.15608,3.92887 2.85548,2.58417 2.69485,7.0712 -0.36261,10.12865 -2.10915,2.10916 -3.3404,2.44344 -8.75,2.3756 -3.4625,-0.0434 -6.85795,-0.30592 -7.54545,-0.58333 z"
         id="path53" />
      <path
         style="display:inline;fill:#ffffff;fill-opacity:1;stroke:#000000;stroke-width:6.16819;stroke-linecap:square;stroke-opacity:0;paint-order:stroke markers fill"
         d="m 331.94518,227.94518 c -1.54279,-1.54279 -1.97886,-3.07528 -1.75,-6.15003 0.42655,-5.73069 3.78649,-8.07185 12.36872,-8.61832 l 6.54235,-0.41659 -0.64664,-3.13012 c -0.88531,-4.28544 -3.18916,-5.90266 -7.45961,-5.23638 -1.925,0.30034 -4.35157,0.67211 -5.39237,0.82616 -1.04081,0.15406 -2.08988,-0.27963 -2.33128,-0.96375 -0.99846,-2.82956 10.17625,-4.37395 15.17353,-2.09703 3.40374,1.55085 4.53766,6.06474 4.54454,18.09088 0.005,9.08519 -0.13079,9.75 -1.99442,9.75 -1.35668,0 -2,-0.66667 -2,-2.07258 v -2.07258 l -2.63486,2.07258 c -3.64412,2.86647 -11.5615,2.87622 -14.41996,0.0178 z m 13.41996,-3.01776 c 1.93084,-1.5188 2.63486,-2.98837 2.63486,-5.5 0,-3.3679 -0.0738,-3.42716 -4.25,-3.41268 -5.92407,0.0206 -9.17429,1.87156 -9.58579,5.45912 -0.61673,5.37688 6.11654,7.45294 11.20093,3.45356 z"
         id="path52" />
      <path
         style="display:inline;fill:#ffffff;fill-opacity:1;stroke:#000000;stroke-width:6.16819;stroke-linecap:square;stroke-opacity:0;paint-order:stroke markers fill"
         d="m 310,215.5 c 0,-12.22222 0.23563,-14.5 1.5,-14.5 0.825,0 1.5,0.825 1.5,1.83333 0,2.9639 0.95898,3.10918 3.70774,0.56172 3.42233,-3.17171 9.29226,-3.37869 9.29226,-0.32766 0,1.59465 -0.4459,1.92586 -1.95002,1.44847 -2.68699,-0.85282 -7.41396,1.79281 -8.85529,4.9562 C 314.53761,210.91418 314,216.12293 314,221.04705 314,229.33333 313.85107,230 312,230 c -1.90805,0 -2,-0.66667 -2,-14.5 z"
         id="path51" />
      <path
         style="display:inline;fill:#ffffff;fill-opacity:1;stroke:#000000;stroke-width:6.16819;stroke-linecap:square;stroke-opacity:0;paint-order:stroke markers fill"
         d="m 275,211.00268 v -19.18473 l 10.3977,0.34103 c 8.30437,0.27236 10.79978,0.70539 12.39486,2.15086 4.07836,3.69583 3.2015,11.58149 -1.56557,14.07921 l -2.56089,1.34179 2.88062,1.38458 c 4.28871,2.06138 6.06689,5.84759 4.90355,10.44091 -1.57405,6.21495 -4.90378,7.88526 -16.52068,8.28738 L 275,230.18741 Z m 19.77749,13.44062 C 296.42592,223.28869 297,221.88268 297,219 c 0,-5.31827 -2.57604,-7 -10.72251,-7 H 280 v 7 7 h 6.27749 c 4.06316,0 7.06147,-0.54912 8.5,-1.5567 z m -0.9453,-18.03832 c 1.78812,-1.25244 2.21177,-2.37508 1.97251,-5.227 -0.37885,-4.51589 -3.16444,-6.14249 -10.5547,-6.16324 L 280,195 v 6.5 6.5 h 5.77749 c 3.67005,0 6.60815,-0.58181 8.0547,-1.59502 z"
         id="path50" />
      <path
         style="display:inline;fill:#ffffff;fill-opacity:1;stroke:#000000;stroke-width:6.16819;stroke-linecap:square;stroke-opacity:0;paint-order:stroke markers fill"
         d="m 388,196.48598 c 0,-0.28272 1.0125,-2.07715 2.25,-3.98763 1.46182,-2.25678 3.03818,-3.47793 4.5,-3.48597 3.06182,-0.0169 2.83286,1.03035 -1.04761,4.79145 C 390.78103,196.63533 388,197.9434 388,196.48598 Z"
         id="path58" />
    </g>
    <g
       id="g79"
       style="fill:#309830;fill-opacity:1">
      <path
         style="display:inline;fill:#309830;fill-opacity:1;stroke:#000000;stroke-width:6.16819;stroke-linecap:square;stroke-opacity:0;paint-order:stroke markers fill"
         d="M 191.57143,109.42857 C 190.24034,108.09748 190,104.56978 190,86.36283 190,73.458601 190.41371,64.095501 191.03518,62.934259 192.01133,61.110316 193.34753,61 214.46376,61 c 19.02429,0 22.62981,0.236422 23.96481,1.571429 1.33234,1.332343 1.57143,4.884178 1.57143,23.345012 0,19.823899 -0.16375,21.921779 -1.82874,23.428569 -1.58285,1.43246 -4.73303,1.65499 -23.42857,1.65499 -18.30288,0 -21.83969,-0.23986 -23.17126,-1.57143 z"
         id="path79" />
      <path
         style="display:inline;fill:#309830;fill-opacity:1;stroke:#000000;stroke-width:6.16819;stroke-linecap:square;stroke-opacity:0;paint-order:stroke markers fill"
         d="M 132.75,109.9199 C 131.16448,108.99642 131,106.76231 131,86.15031 131,69.788958 131.337,63.063005 132.2,62.2 c 1.70118,-1.701181 44.89882,-1.701181 46.6,0 0.86305,0.863049 1.2,7.592181 1.2,23.964816 0,21.483454 -0.10887,22.823084 -1.93426,23.800004 -2.5576,1.36878 -42.95731,1.32874 -45.31574,-0.0449 z"
         id="path78" />
      <path
         style="display:inline;fill:#309830;fill-opacity:1;stroke:#000000;stroke-width:6.16819;stroke-linecap:square;stroke-opacity:0;paint-order:stroke markers fill"
         d="m 132.2,168.8 c -0.86305,-0.86305 -1.2,-7.59218 -1.2,-23.96482 0,-21.48345 0.10887,-22.82308 1.93426,-23.8 C 134.0914,120.4159 143.30326,120 155.86283,120 c 17.75241,0 21.23697,0.24266 22.56574,1.57143 1.33431,1.33431 1.57143,4.92554 1.57143,23.8 0,15.95555 -0.33865,22.56722 -1.2,23.42857 -1.70118,1.70118 -44.89882,1.70118 -46.6,0 z"
         id="path61" />
      <path
         style="display:inline;fill:#309830;fill-opacity:1;stroke:#000000;stroke-width:6.16819;stroke-linecap:square;stroke-opacity:0;paint-order:stroke markers fill"
         d="M 72.035184,168.06574 C 71.413642,166.90438 71,157.53682 71,144.62245 c 0,-21.09322 0.04297,-21.53914 2.222506,-23.06575 1.838419,-1.28767 5.813213,-1.5567 23,-1.5567 19.444164,0 20.905834,0.12834 22.777494,2 1.87341,1.87341 2,3.33333 2,23.06574 0,12.60881 -0.41558,21.84226 -1.03518,23 C 118.98757,169.89175 117.6464,170 96,170 74.3536,170 73.012435,169.89175 72.035184,168.06574 Z"
         id="path60" />
      <path
         style="display:inline;fill:#309830;fill-opacity:1;stroke:#000000;stroke-width:6.16819;stroke-linecap:square;stroke-opacity:0;paint-order:stroke markers fill"
         d="M 191.57143,228.42857 C 190.23909,227.09623 190,223.54439 190,205.08356 c 0,-19.8239 0.16375,-21.92178 1.82874,-23.42857 1.58045,-1.43029 4.70325,-1.65499 23,-1.65499 19.83793,0 21.29722,0.12596 23.17126,2 1.87507,1.87507 2,3.33333 2,23.34501 0,19.40871 -0.16589,21.49515 -1.82874,23 -1.58285,1.43246 -4.73303,1.65499 -23.42857,1.65499 -18.30288,0 -21.83969,-0.23986 -23.17126,-1.57143 z"
         id="path49" />
      <path
         style="display:inline;fill:#309830;fill-opacity:1;stroke:#000000;stroke-width:6.16819;stroke-linecap:square;stroke-opacity:0;paint-order:stroke markers fill"
         d="m 132.75,228.9199 c -1.5861,-0.92382 -1.75,-3.16544 -1.75,-23.93441 0,-21.63205 0.1083,-22.97308 1.93426,-23.95031 C 134.0883,180.41756 143.19054,180 155.5,180 c 12.30946,0 21.4117,0.41756 22.56574,1.03518 C 179.89175,182.01243 180,183.3536 180,205 c 0,21.6464 -0.10825,22.98757 -1.93426,23.96482 -2.5576,1.36878 -42.95731,1.32874 -45.31574,-0.0449 z"
         id="path48" />
      <path
         style="display:inline;fill:#309830;fill-opacity:1;stroke:#000000;stroke-width:6.16819;stroke-linecap:square;stroke-opacity:0;paint-order:stroke markers fill"
         d="M 72.654988,228.17126 C 71.222945,226.58887 71,223.44404 71,204.82625 c 0,-19.57463 0.165027,-21.66562 1.828741,-23.17126 2.651975,-2.40001 42.540769,-2.48533 45.948749,-0.0983 2.18104,1.52766 2.22251,1.96321 2.22251,23.34502 0,19.83816 -0.16368,21.93643 -1.82874,23.44329 -1.58239,1.43205 -4.72722,1.655 -23.345013,1.655 -19.574623,0 -21.66562,-0.16503 -23.171259,-1.82874 z"
         id="path47" />
      <path
         style="display:inline;fill:#309830;fill-opacity:1;stroke:#000000;stroke-width:6.16819;stroke-linecap:square;stroke-opacity:0;paint-order:stroke markers fill"
         d="m 132.2,287.8 c -1.70118,-1.70118 -1.70118,-44.89882 0,-46.6 1.70118,-1.70118 44.89882,-1.70118 46.6,0 1.70118,1.70118 1.70118,44.89882 0,46.6 -1.70118,1.70118 -44.89882,1.70118 -46.6,0 z"
         id="path46" />
      <path
         style="display:inline;fill:#309830;fill-opacity:1;stroke:#000000;stroke-width:6.16819;stroke-linecap:square;stroke-opacity:0;paint-order:stroke markers fill"
         d="M 72.035184,287.06574 C 71.417557,285.9117 71,276.80946 71,264.5 71,252.19054 71.417557,243.0883 72.035184,241.93426 73.012435,240.10825 74.3536,240 96,240 c 21.6464,0 22.98757,0.10825 23.96482,1.93426 1.38268,2.58357 1.38268,42.54791 0,45.13148 C 118.98757,288.89175 117.6464,289 96,289 74.3536,289 73.012435,288.89175 72.035184,287.06574 Z"
         id="path45" />
    </g>
    <g
       id="g82"
       style="fill:#ffffff">
      <path
         style="display:inline;fill:#ffffff;fill-opacity:1;stroke:#000000;stroke-width:6.16819;stroke-linecap:square;stroke-opacity:0;paint-order:stroke markers fill"
         d="m 730,269.5 c 0,-19.83333 0.065,-20.5 2,-20.5 1.93496,0 2,0.66667 2,20.5 0,19.83333 -0.065,20.5 -2,20.5 -1.93496,0 -2,-0.66667 -2,-20.5 z"
         id="path44" />
      <path
         style="display:inline;fill:#ffffff;fill-opacity:1;stroke:#000000;stroke-width:6.16819;stroke-linecap:square;stroke-opacity:0;paint-order:stroke markers fill"
         d="m 699.94518,287.94518 c -1.54279,-1.54279 -1.97886,-3.07528 -1.75,-6.15003 0.42655,-5.73069 3.78649,-8.07185 12.36872,-8.61832 l 6.54235,-0.41659 -0.64664,-3.13012 c -0.88531,-4.28544 -3.18916,-5.90266 -7.45961,-5.23638 -1.925,0.30034 -4.35157,0.67211 -5.39237,0.82616 -1.04081,0.15406 -2.08988,-0.27963 -2.33128,-0.96375 -0.99846,-2.82956 10.17625,-4.37395 15.17353,-2.09703 3.40374,1.55085 4.53766,6.06474 4.54454,18.09088 0.005,9.08519 -0.13079,9.75 -1.99442,9.75 -1.35668,0 -2,-0.66667 -2,-2.07258 v -2.07258 l -2.63486,2.07258 c -3.64412,2.86647 -11.5615,2.87622 -14.41996,0.0178 z m 13.41996,-3.01776 c 1.93084,-1.5188 2.63486,-2.98837 2.63486,-5.5 0,-3.3679 -0.0738,-3.42716 -4.25,-3.41268 -5.92407,0.0205 -9.17429,1.87156 -9.58579,5.45912 -0.61673,5.37688 6.11654,7.45294 11.20093,3.45356 z"
         id="path43" />
      <path
         style="display:inline;fill:#ffffff;fill-opacity:1;stroke:#000000;stroke-width:6.16819;stroke-linecap:square;stroke-opacity:0;paint-order:stroke markers fill"
         d="m 678,275.5 c 0,-12.22222 0.23563,-14.5 1.5,-14.5 0.825,0 1.5,0.825 1.5,1.83333 0,2.9639 0.95898,3.10918 3.70774,0.56172 3.42233,-3.17171 9.29226,-3.37869 9.29226,-0.32766 0,1.59465 -0.4459,1.92586 -1.95002,1.44847 -2.68699,-0.85282 -7.41396,1.79281 -8.85529,4.9562 C 682.53761,270.91418 682,276.12293 682,281.04705 682,289.33333 681.85107,290 680,290 c -1.90805,0 -2,-0.66667 -2,-14.5 z"
         id="path42" />
      <path
         style="display:inline;fill:#ffffff;fill-opacity:1;stroke:#000000;stroke-width:6.16819;stroke-linecap:square;stroke-opacity:0;paint-order:stroke markers fill"
         d="m 647.36527,287.63777 c -2.65994,-2.28799 -2.75987,-2.74375 -3.17902,-14.5 L 643.75349,261 H 646.37675 649 v 11.34501 c 0,9.72087 0.2618,11.58194 1.82874,13 2.73623,2.47625 7.82022,2.09694 10.71671,-0.79956 2.29572,-2.29571 2.45455,-3.13692 2.45455,-13 C 664,261.66667 664.12644,261 666,261 c 1.90805,0 2,0.66667 2,14.5 0,12.22222 -0.23563,14.5 -1.5,14.5 -0.825,0 -1.5,-0.675 -1.5,-1.5 0,-1.86637 -0.94304,-1.85765 -3.44113,0.0318 -3.14964,2.38227 -10.95635,1.89053 -14.1936,-0.89403 z"
         id="path41" />
      <path
         style="display:inline;fill:#ffffff;fill-opacity:1;stroke:#000000;stroke-width:6.16819;stroke-linecap:square;stroke-opacity:0;paint-order:stroke markers fill"
         d="M 629.3997,289.23469 C 626.87786,287.5508 626,283.63395 626,274.06574 626,264.66667 625.86754,264 624,264 c -2.54676,0 -2.60331,-1.67374 -0.0836,-2.47347 1.05403,-0.33454 2.38062,-1.93986 2.94798,-3.56739 C 628.19918,254.13019 630,254.15365 630,258 c 0,2.88889 0.16667,3 4.5,3 3.33333,0 4.5,0.38889 4.5,1.5 0,1.11111 -1.16667,1.5 -4.5,1.5 H 630 v 9.92857 C 630,285.00326 630.92745,287 636.07143,287 c 1.93651,0 2.92857,0.50813 2.92857,1.5 0,1.10044 -1.13208,1.49592 -4.25,1.48469 -2.3375,-0.008 -4.74513,-0.34592 -5.3503,-0.75 z"
         id="path40" />
      <path
         style="display:inline;fill:#ffffff;fill-opacity:1;stroke:#000000;stroke-width:6.16819;stroke-linecap:square;stroke-opacity:0;paint-order:stroke markers fill"
         d="m 594.36527,287.63777 c -2.65994,-2.28799 -2.75987,-2.74375 -3.17902,-14.5 L 590.75349,261 H 593.37675 596 v 11.34501 c 0,9.72087 0.2618,11.58194 1.82874,13 2.73623,2.47625 7.82022,2.09694 10.71671,-0.79956 2.29572,-2.29571 2.45455,-3.13692 2.45455,-13 C 611,261.66667 611.12644,261 613,261 c 1.90805,0 2,0.66667 2,14.5 0,12.22222 -0.23563,14.5 -1.5,14.5 -0.825,0 -1.5,-0.675 -1.5,-1.5 0,-1.86637 -0.94304,-1.85765 -3.44113,0.0318 -3.14964,2.38227 -10.95635,1.89053 -14.1936,-0.89403 z"
         id="path39" />
      <path
         style="display:inline;fill:#ffffff;fill-opacity:1;stroke:#000000;stroke-width:6.16819;stroke-linecap:square;stroke-opacity:0;paint-order:stroke markers fill"
         d="m 570,275.5 c 0,-12.22222 0.23563,-14.5 1.5,-14.5 0.825,0 1.5,0.825 1.5,1.83333 0,2.9639 0.95898,3.10918 3.70774,0.56172 3.42233,-3.17171 9.29226,-3.37869 9.29226,-0.32766 0,1.59465 -0.4459,1.92586 -1.95002,1.44847 -2.68699,-0.85282 -7.41396,1.79281 -8.85529,4.9562 C 574.53761,270.91418 574,276.12293 574,281.04705 574,289.33333 573.85107,290 572,290 c -1.90805,0 -2,-0.66667 -2,-14.5 z"
         id="path38" />
      <path
         style="display:inline;fill:#ffffff;fill-opacity:1;stroke:#000000;stroke-width:6.16819;stroke-linecap:square;stroke-opacity:0;paint-order:stroke markers fill"
         d="M 554.3997,289.23469 C 551.87786,287.5508 551,283.63395 551,274.06574 551,264.66667 550.86754,264 549,264 c -2.54676,0 -2.60331,-1.67374 -0.0836,-2.47347 1.05403,-0.33454 2.38062,-1.93986 2.94798,-3.56739 C 553.19918,254.13019 555,254.15365 555,258 c 0,2.88889 0.16667,3 4.5,3 3.33333,0 4.5,0.38889 4.5,1.5 0,1.11111 -1.16667,1.5 -4.5,1.5 H 555 v 9.92857 C 555,285.00326 555.92745,287 561.07143,287 c 1.93651,0 2.92857,0.50813 2.92857,1.5 0,1.10044 -1.13208,1.49592 -4.25,1.48469 -2.3375,-0.008 -4.74513,-0.34592 -5.3503,-0.75 z"
         id="path37" />
      <path
         style="display:inline;fill:#ffffff;fill-opacity:1;stroke:#000000;stroke-width:6.16819;stroke-linecap:square;stroke-opacity:0;paint-order:stroke markers fill"
         d="m 525.25,289.33772 c -0.6875,-0.27741 -1.25,-1.35575 -1.25,-2.3963 0,-1.61765 0.37186,-1.75054 2.5651,-0.91667 3.35213,1.27448 9.06288,1.24472 11.50064,-0.0599 1.12912,-0.60429 1.93426,-2.08728 1.93426,-3.56272 0,-2.13729 -0.9862,-2.97469 -6.38753,-5.42378 -3.51314,-1.59293 -7.11314,-3.62185 -8,-4.50871 -2.55796,-2.55796 -2.02593,-6.9983 1.13753,-9.49378 2.3137,-1.82515 3.7355,-2.10718 8.96162,-1.77763 6.69829,0.42239 7.83559,0.93341 6.98875,3.14025 -0.44115,1.1496 -1.29732,1.22435 -4.43396,0.38714 -6.79531,-1.81378 -12.15378,1.05875 -9.58164,5.13645 0.55169,0.8746 3.28193,2.50625 6.06721,3.62589 2.78528,1.11963 6.00552,2.88762 7.15608,3.92887 2.85548,2.58417 2.69485,7.0712 -0.36261,10.12865 -2.10915,2.10916 -3.3404,2.44344 -8.75,2.3756 -3.4625,-0.0434 -6.85795,-0.30592 -7.54545,-0.58333 z"
         id="path36" />
      <path
         style="display:inline;fill:#ffffff;fill-opacity:1;stroke:#000000;stroke-width:6.16819;stroke-linecap:square;stroke-opacity:0;paint-order:stroke markers fill"
         d="m 495,271 v -19 h 11 c 9.11111,0 11,0.25758 11,1.5 0,1.21569 -1.61111,1.5 -8.5,1.5 H 500 v 6.5 6.5 h 8.07332 c 7.14952,0 8.03509,0.20025 7.73916,1.75 -0.27796,1.45565 -1.6359,1.79913 -8.07332,2.04206 L 500,272.08413 V 279.04206 286 h 8.5 c 7.83333,0 8.5,0.15686 8.5,2 0,1.87879 -0.66667,2 -11,2 h -11 z"
         id="path35" />
      <path
         style="display:inline;fill:#ffffff;fill-opacity:1;stroke:#000000;stroke-width:6.16819;stroke-linecap:square;stroke-opacity:0;paint-order:stroke markers fill"
         d="m 455.25,289.33772 c -0.6875,-0.27741 -1.25,-1.35575 -1.25,-2.3963 0,-1.61765 0.37186,-1.75054 2.5651,-0.91667 3.35213,1.27448 9.06288,1.24472 11.50064,-0.0599 1.12912,-0.60429 1.93426,-2.08728 1.93426,-3.56272 0,-2.13729 -0.9862,-2.97469 -6.38753,-5.42378 -3.51314,-1.59293 -7.11314,-3.62185 -8,-4.50871 -2.55796,-2.55796 -2.02593,-6.9983 1.13753,-9.49378 2.3137,-1.82515 3.7355,-2.10718 8.96162,-1.77763 6.69829,0.42239 7.83559,0.93341 6.98875,3.14025 -0.44115,1.1496 -1.29732,1.22435 -4.43396,0.38714 -6.79531,-1.81378 -12.15378,1.05875 -9.58164,5.13645 0.55169,0.8746 3.28193,2.50625 6.06721,3.62589 2.78528,1.11963 6.00552,2.88762 7.15608,3.92887 2.85548,2.58417 2.69485,7.0712 -0.36261,10.12865 -2.10915,2.10916 -3.3404,2.44344 -8.75,2.3756 -3.4625,-0.0434 -6.85795,-0.30592 -7.54545,-0.58333 z"
         id="path34" />
      <path
         style="display:inline;fill:#ffffff;fill-opacity:1;stroke:#000000;stroke-width:6.16819;stroke-linecap:square;stroke-opacity:0;paint-order:stroke markers fill"
         d="m 424.36527,287.63777 c -2.65994,-2.28799 -2.75987,-2.74375 -3.17902,-14.5 L 420.75349,261 H 423.37675 426 v 11.34501 c 0,9.72087 0.2618,11.58194 1.82874,13 2.73623,2.47625 7.82022,2.09694 10.71671,-0.79956 2.29572,-2.29571 2.45455,-3.13692 2.45455,-13 C 441,261.66667 441.12644,261 443,261 c 1.90805,0 2,0.66667 2,14.5 0,12.22222 -0.23563,14.5 -1.5,14.5 -0.825,0 -1.5,-0.675 -1.5,-1.5 0,-1.86637 -0.94304,-1.85765 -3.44113,0.0318 -3.14964,2.38227 -10.95635,1.89053 -14.1936,-0.89403 z"
         id="path33" />
      <path
         style="display:inline;fill:#ffffff;fill-opacity:1;stroke:#000000;stroke-width:6.16819;stroke-linecap:square;stroke-opacity:0;paint-order:stroke markers fill"
         d="m 339,275.5 c 0,-11.67889 0.26915,-14.5 1.38337,-14.5 0.76085,0 1.63299,0.95457 1.93809,2.12128 l 0.55473,2.12127 2.69676,-2.12127 c 3.52173,-2.7702 9.30438,-2.79221 12.79219,-0.0487 l 2.63486,2.07258 2.63486,-2.07258 c 2.83791,-2.2323 9.15141,-2.79252 12.3257,-1.09369 C 378.86079,263.53105 380,268.51447 380,279.64922 380,289.33333 379.87119,290 378,290 c -1.86604,0 -2,-0.66667 -2,-9.95295 0,-13.9375 -1.86545,-17.11406 -9.11521,-15.52175 C 362.53862,265.47988 361,269.77891 361,280.96788 361,289.33333 360.85238,290 359,290 c -1.88247,0 -2,-0.66667 -2,-11.34501 0,-9.72087 -0.2618,-11.58194 -1.82874,-13 -2.65036,-2.39854 -6.86547,-2.05169 -9.71671,0.79956 -2.29572,2.29571 -2.45455,3.13692 -2.45455,13 0,9.87878 -0.12644,10.54545 -2,10.54545 -1.90805,0 -2,-0.66667 -2,-14.5 z"
         id="path32" />
      <path
         style="display:inline;fill:#ffffff;fill-opacity:1;stroke:#000000;stroke-width:6.16819;stroke-linecap:square;stroke-opacity:0;paint-order:stroke markers fill"
         d="m 308.94518,287.94518 c -1.54279,-1.54279 -1.97886,-3.07528 -1.75,-6.15003 0.42655,-5.73069 3.78649,-8.07185 12.36872,-8.61832 l 6.54235,-0.41659 -0.64664,-3.13012 c -0.88531,-4.28544 -3.18916,-5.90266 -7.45961,-5.23638 -1.925,0.30034 -4.35157,0.67211 -5.39237,0.82616 -1.04081,0.15406 -2.08988,-0.27963 -2.33128,-0.96375 -0.99846,-2.82956 10.17625,-4.37395 15.17353,-2.09703 3.40374,1.55085 4.53766,6.06474 4.54454,18.09088 0.005,9.08519 -0.13079,9.75 -1.99442,9.75 -1.35668,0 -2,-0.66667 -2,-2.07258 v -2.07258 l -2.63486,2.07258 c -3.64412,2.86647 -11.5615,2.87622 -14.41996,0.0178 z m 13.41996,-3.01776 c 1.93084,-1.5188 2.63486,-2.98837 2.63486,-5.5 0,-3.3679 -0.0738,-3.42716 -4.25,-3.41268 -5.92407,0.0205 -9.17429,1.87156 -9.58579,5.45912 -0.61673,5.37688 6.11654,7.45294 11.20093,3.45356 z"
         id="path31" />
      <path
         style="display:inline;fill:#ffffff;fill-opacity:1;stroke:#000000;stroke-width:6.16819;stroke-linecap:square;stroke-opacity:0;paint-order:stroke markers fill"
         d="m 281.9844,288.15055 c -5.32709,-2.82752 -8.27852,-8.94198 -8.27852,-17.15055 0,-13.35089 7.43,-20.61275 20.13637,-19.68071 6.81687,0.50003 8.57986,1.41714 7.60545,3.95639 -0.48487,1.26358 -1.15163,1.40718 -3.09788,0.66722 -4.01957,-1.52824 -10.60903,-1.08226 -13.92986,0.94278 -7.87135,4.79994 -8.67807,20.13774 -1.41508,26.90424 2.82234,2.6294 8.37655,3.58382 13.78462,2.36871 3.72928,-0.83791 4.2105,-0.74183 4.2105,0.84068 0,2.37576 -1.94671,3.00069 -9.34739,3.00069 -4.09334,0 -7.36173,-0.62522 -9.66821,-1.84945 z"
         id="path30" />
      <path
         style="display:inline;fill:#ffffff;fill-opacity:1;stroke:#000000;stroke-width:6.16819;stroke-linecap:square;stroke-opacity:0;paint-order:stroke markers fill"
         d="m 389,282 c 0,-17.21311 0.24946,-21 1.38337,-21 0.76085,0 1.63299,0.95457 1.93809,2.12128 l 0.55473,2.12127 2.69676,-2.12127 c 4.13162,-3.24994 10.78259,-2.91959 14.41832,0.71614 5.25215,5.25216 5.2325,18.09266 -0.0358,23.36091 -2.29938,2.29938 -3.67199,2.80167 -7.65609,2.80167 -2.77516,0 -5.80637,-0.66677 -7.07692,-1.5567 L 393,286.88659 v 8.05671 c 0,7.39003 -0.16549,8.0567 -2,8.0567 -1.93651,0 -2,-0.66667 -2,-21 z m 17.43045,2.66046 c 4.59724,-4.59725 4.17359,-15.72311 -0.72948,-19.15736 -2.93438,-2.05532 -7.00622,-1.88626 -9.84019,0.40855 -2.11001,1.70858 -2.36078,2.72708 -2.36078,9.58835 0,6.86127 0.25077,7.87977 2.36078,9.58835 3.23248,2.61751 7.70535,2.43643 10.56967,-0.42789 z"
         id="path1" />
    </g>
  </g>
</svg>
