<?xml version="1.0" encoding="UTF-8" standalone="no"?>
<!-- Created with Inkscape (http://www.inkscape.org/) -->

<svg
   width="135.37506mm"
   height="194.21123mm"
   viewBox="0 0 135.37506 194.21123"
   version="1.1"
   id="svg1"
   xml:space="preserve"
   xmlns="http://www.w3.org/2000/svg"
   xmlns:svg="http://www.w3.org/2000/svg"><defs
     id="defs1" /><g
     id="layer1"
     transform="translate(-49.978076,-52.207315)"><path
       style="fill:#309830;fill-opacity:1"
       d="m 130.47225,69.577887 c -0.45298,-0.45298 -0.45298,-15.051604 0,-15.504584 0.23196,-0.231967 2.33214,-0.3175 7.79589,-0.3175 7.12289,0 7.49142,0.02433 7.7523,0.511773 0.16939,0.316522 0.27389,3.236662 0.27389,7.654018 0,6.140172 -0.0583,7.200579 -0.41578,7.558019 -0.35798,0.357983 -1.4355,0.415774 -7.75229,0.415774 -5.3534,0 -7.42234,-0.08582 -7.65401,-0.3175 z"
       id="path53" /><path
       style="fill:#309830;fill-opacity:1"
       d="m 110.57558,69.636687 c -0.33388,-0.210816 -0.40927,-1.406329 -0.47497,-7.531657 -0.0521,-4.854378 0.0172,-7.459067 0.20775,-7.815147 0.27638,-0.516414 0.53364,-0.534084 7.77615,-0.534084 6.92047,0 7.52362,0.03681 7.92819,0.483855 0.3847,0.425098 0.43788,1.351865 0.43788,7.631909 0,6.588901 -0.0379,7.182308 -0.48386,7.585937 -0.42571,0.385266 -1.35564,0.437396 -7.73906,0.433831 -4.10324,-0.0023 -7.42763,-0.112919 -7.65208,-0.254644 z"
       id="path52" /><path
       style="fill:#c90c0f;fill-opacity:1"
       d="m 95.152206,70.283522 c -2.18509,-0.801955 -3.93565,-2.36956 -5.01063,-4.486963 -0.72342,-1.424936 -0.80383,-1.826364 -0.79495,-3.96875 0.0114,-2.738912 0.5439,-4.257139 2.09582,-5.974924 1.63768,-1.812716 4.47813,-3.155419 6.67519,-3.155419 3.126864,0 6.610964,2.17101 8.107024,5.051635 1.6508,3.178589 1.0195,7.421665 -1.51589,10.188457 -1.69343,1.847997 -3.85403,2.75689 -6.496664,2.732931 -1.13098,-0.01025 -2.50794,-0.184388 -3.0599,-0.386967 z"
       id="path51" /><path
       style="fill:#309830;fill-opacity:1"
       d="m 110.3203,89.227359 c -0.16892,-0.31563 -0.27389,-3.18314 -0.27389,-7.48175 0,-5.88016 0.0644,-7.061929 0.41188,-7.558022 0.40878,-0.583615 0.46705,-0.588038 7.74641,-0.588038 7.021,0 7.354,0.02275 7.7902,0.532191 0.40704,0.475386 0.45478,1.28733 0.44726,7.606769 -0.006,5.46326 -0.0885,7.18004 -0.35989,7.5376 -0.32034,0.42199 -1.02217,0.46302 -7.91978,0.46302 -7.21176,0 -7.5812,-0.0241 -7.84219,-0.51177 z"
       id="path50" /><path
       style="fill:#309830;fill-opacity:1"
       d="m 90.379046,89.562749 c -0.097,-0.097 -0.17639,-3.58555 -0.17639,-7.7523 0,-5.539588 0.0853,-7.66124 0.3175,-7.8934 0.23163,-0.231631 2.2957,-0.3175 7.63191,-0.3175 6.750064,0 7.348194,0.03733 7.752294,0.483855 0.38509,0.425514 0.43788,1.36023 0.43788,7.752295 0,5.30045 -0.086,7.3544 -0.3175,7.58593 -0.23216,0.23216 -2.35381,0.3175 -7.893404,0.3175 -4.16675,0 -7.65528,-0.0794 -7.75229,-0.17638 z"
       id="path49" /><path
       style="fill:#309830;fill-opacity:1"
       d="m 130.47225,109.52997 c -0.45298,-0.45298 -0.45298,-15.051611 0,-15.504591 0.23196,-0.23196 2.33214,-0.3175 7.79589,-0.3175 7.12289,0 7.49142,0.0243 7.7523,0.51178 0.16913,0.31603 0.27389,3.20684 0.27389,7.558021 0,4.35118 -0.10476,7.24199 -0.27389,7.55802 -0.26088,0.48744 -0.62941,0.51177 -7.7523,0.51177 -5.46375,0 -7.56393,-0.0855 -7.79589,-0.3175 z"
       id="path48" /><path
       style="fill:#309830;fill-opacity:1"
       d="m 110.30444,109.16879 c -0.35269,-0.92766 -0.33852,-14.286961 0.0159,-14.949131 0.26089,-0.48748 0.62955,-0.51178 7.76421,-0.51178 6.92047,0 7.52362,0.0368 7.92819,0.48386 0.3847,0.4251 0.43788,1.35186 0.43788,7.631911 0,6.5889 -0.0379,7.18231 -0.48386,7.58594 -0.42615,0.38566 -1.37355,0.43788 -7.94404,0.43788 h -7.4602 z"
       id="path47" /><path
       style="fill:#309830;fill-opacity:1"
       d="m 90.520156,109.52997 c -0.45298,-0.45298 -0.45298,-15.051611 0,-15.504591 0.23197,-0.23196 2.33214,-0.3175 7.7959,-0.3175 7.122884,0 7.491424,0.0243 7.752294,0.51178 0.37004,0.69143 0.37004,14.424601 0,15.116041 -0.26087,0.48744 -0.62941,0.51177 -7.752294,0.51177 -5.46376,0 -7.56393,-0.0855 -7.7959,-0.3175 z"
       id="path46" /><path
       style="fill:#309830;fill-opacity:1"
       d="m 110.80117,129.78458 c -0.23973,-0.0669 -0.506,-0.3832 -0.5917,-0.70283 -0.0857,-0.31963 -0.15746,-3.68004 -0.15945,-7.46758 -0.003,-5.80863 0.0609,-6.97848 0.40827,-7.47448 0.4085,-0.58322 0.47104,-0.58804 7.6268,-0.58804 7.19957,0 7.21614,0.001 7.7902,0.61236 0.56119,0.59736 0.57508,0.78382 0.56687,7.60677 -0.007,5.81858 -0.0756,7.08337 -0.40794,7.52358 -0.38092,0.50452 -0.73475,0.53109 -7.59836,0.57054 -3.95935,0.0228 -7.39497,-0.0134 -7.63469,-0.0803 z"
       id="path45" /><path
       style="fill:#309830;fill-opacity:1"
       d="m 90.797966,129.68928 -0.59531,-0.24556 v -7.62853 c 0,-5.58052 0.0852,-7.71376 0.3175,-7.94602 0.23163,-0.23163 2.2957,-0.3175 7.63191,-0.3175 6.750064,0 7.348194,0.0373 7.752294,0.48385 0.38515,0.42559 0.43788,1.36166 0.43788,7.77281 0,6.45365 -0.0501,7.33058 -0.43701,7.65209 -0.3423,0.28443 -1.96219,0.37518 -7.474484,0.41877 -3.87061,0.0306 -7.30536,-0.0549 -7.63278,-0.18991 z"
       id="path44" /><path
       style="fill:#000000"
       d="m 152.7696,157.93552 c -0.0675,-0.1819 -0.15305,-3.18823 -0.19014,-6.68073 l -0.0674,-6.35 -2.11667,-0.13229 -2.11667,-0.13229 v -1.45524 -1.45521 h 6.08542 6.08542 v 1.45521 1.45521 l -2.18282,0.0769 -2.18281,0.0768 v 6.73618 6.73617 h -1.5958 c -1.03481,0 -1.63894,-0.11626 -1.71851,-0.33073 z"
       id="path43" /><path
       style="fill:#000000"
       d="m 121.59988,158.08986 c -0.097,-0.097 -0.17639,-3.12829 -0.17639,-6.73617 v -6.55979 l -2.18281,-0.0768 -2.18281,-0.0769 v -1.45523 -1.45521 l 5.68854,-0.0748 c 3.1287,-0.0412 5.95643,-0.009 6.28386,0.0712 0.50397,0.1236 0.59531,0.32293 0.59531,1.29918 0,0.63426 -0.15415,1.28112 -0.34255,1.43748 -0.18841,0.15636 -1.2302,0.31977 -2.31511,0.36313 l -1.97255,0.0788 -0.0707,6.68073 -0.0707,6.68073 h -1.53886 c -0.84637,0 -1.61823,-0.0794 -1.71525,-0.17639 z"
       id="path42" /><path
       style="fill:#000000"
       d="m 110.96011,157.93263 c -0.0704,-0.18349 -0.0964,-3.90419 -0.0578,-8.26823 l 0.0702,-7.93461 h 1.5875 1.5875 l 0.0699,8.26823 0.0699,8.26823 h -1.59957 c -1.04298,0 -1.64412,-0.11609 -1.7276,-0.33362 z"
       id="path41" /><path
       style="fill:#000000"
       d="m 100.25683,151.51938 v -6.74691 h -2.248964 -2.24896 v -1.59229 -1.59229 l 6.283854,0.0709 6.28386,0.0709 0.0856,0.89651 c 0.18762,1.96408 0.0215,2.11628 -2.40311,2.20169 l -2.18045,0.0768 -0.0707,6.68073 -0.0707,6.68073 h -1.71525 -1.71525 z"
       id="path40" /><path
       style="fill:#000000"
       d="m 65.716356,157.93263 c -0.0704,-0.18349 -0.0964,-3.90419 -0.0578,-8.26823 l 0.0702,-7.93461 h 2.11641 2.11641 l 3.43984,5.8868 c 1.89191,3.23773 3.5181,5.88687 3.61375,5.88697 0.0957,1.1e-4 0.15518,-2.64895 0.13229,-5.88679 l -0.0416,-5.88698 1.52135,-0.0793 1.52136,-0.0794 v 8.34758 8.34758 h -2.19743 -2.19743 l -1.04372,-1.82953 c -0.57404,-1.00625 -2.05575,-3.61965 -3.29267,-5.80756 -1.23693,-2.18792 -2.36802,-4.0284 -2.51354,-4.08996 -0.17307,-0.0732 -0.23213,1.70825 -0.17077,5.15011 0.0516,2.89412 0.0196,5.5579 -0.0712,5.91949 -0.14828,0.59082 -0.29941,0.65745 -1.49118,0.65745 -0.823,0 -1.37476,-0.12658 -1.45421,-0.33362 z"
       id="path39" /><path
       style="fill:#000000"
       d="m 57.985846,150.01075 0.0699,-8.28096 h 1.5875 1.5875 v 8.20209 8.20208 l -1.65743,0.0789 -1.65744,0.0789 z"
       id="path38" /><path
       style="fill:#000000"
       d="m 167.14591,158.0208 c -2.36818,-0.92596 -3.64812,-2.39579 -4.31465,-4.95477 -0.67694,-2.59898 -0.40067,-5.99305 0.65456,-8.04115 1.14812,-2.22841 3.5465,-3.42738 6.85604,-3.42738 4.37426,0 6.75413,1.84795 7.61131,5.9101 1.01724,4.82072 -0.82597,9.21706 -4.40302,10.50189 -1.87011,0.67171 -4.70244,0.67672 -6.40424,0.0113 z m 5.56032,-3.11428 c 1.24198,-0.91795 1.75318,-2.32435 1.76007,-4.84235 0.0106,-3.8687 -1.28765,-5.55625 -4.27444,-5.55625 -1.1879,0 -2.0357,0.34766 -2.87702,1.1798 -0.64436,0.63732 -1.17629,2.60755 -1.16515,4.31566 0.025,3.83475 1.61529,5.75679 4.57216,5.52598 0.7192,-0.0561 1.58553,-0.32805 1.98438,-0.62284 z"
       id="path37" /><path
       style="fill:#000000"
       d="m 135.60814,158.0009 c -1.57946,-0.61684 -2.37334,-1.33385 -3.0698,-2.77255 -0.48652,-1.005 -0.53151,-1.62949 -0.53151,-7.37704 v -6.27909 l 1.65364,0.0788 1.65365,0.0788 0.13229,5.96568 c 0.14397,6.49231 0.28614,7.11529 1.75086,7.67217 0.92122,0.35025 2.48583,0.30941 3.27623,-0.0855 1.39944,-0.69926 1.58663,-1.63459 1.58708,-7.92992 l 4.2e-4,-5.75469 h 1.73656 1.73656 l -0.0829,6.54844 -0.0829,6.54844 -0.75413,1.11142 c -0.41477,0.61129 -1.0329,1.29409 -1.37362,1.51734 -1.92798,1.26326 -5.35418,1.56752 -7.6324,0.67779 z"
       id="path36" /><path
       style="fill:#000000"
       d="m 85.175576,158.17233 c -0.50933,-0.16664 -1.07487,-0.39931 -1.25678,-0.51704 -0.40314,-0.26092 -0.45592,-3.09324 -0.0576,-3.09324 0.1502,0 0.71575,0.18544 1.25678,0.41209 1.57981,0.66181 4.13842,0.80707 4.94198,0.28056 0.74951,-0.4911 0.90364,-1.59751 0.33154,-2.37991 -0.1872,-0.25601 -1.40358,-1.02526 -2.70306,-1.70943 -3.07939,-1.62128 -3.92824,-2.72182 -3.90618,-5.0644 0.0179,-1.895 0.77338,-3.11811 2.45648,-3.97676 1.43623,-0.73271 4.47889,-0.72262 6.46758,0.0215 0.80583,0.3015 1.46514,0.58402 1.46514,0.62782 0,0.33582 -1.12991,2.52817 -1.30299,2.52817 -0.12094,0 -0.64732,-0.1786 -1.16974,-0.39688 -0.52243,-0.21828 -1.52824,-0.39687 -2.23515,-0.39687 -1.57544,0 -2.61771,0.86234 -2.29005,1.8947 0.24283,0.76511 0.63278,1.07966 2.61434,2.10886 3.84547,1.9973 4.5128,2.87287 4.33367,5.68605 -0.0943,1.48103 -0.21422,1.79412 -0.99619,2.6009 -0.48894,0.50446 -1.4273,1.10062 -2.08524,1.3248 -1.38092,0.47053 -4.49676,0.49663 -5.86449,0.0491 z"
       id="path35" /><path
       style="fill:#000000"
       d="m 156.9998,177.78203 c -0.0717,-0.1868 -0.0987,-3.85061 -0.0601,-8.1418 l 0.0702,-7.80215 1.78594,-0.0782 1.78594,-0.0782 v 6.75082 6.75082 l 3.24114,0.0743 3.24115,0.0743 v 1.32291 1.32292 l -4.96699,0.072 c -3.85186,0.0558 -4.99626,-0.004 -5.09733,-0.26764 z"
       id="path34" /><path
       style="fill:#000000"
       d="m 139.09753,177.96871 c -0.0896,-0.0896 0.25434,-1.31487 0.76431,-2.72282 0.50998,-1.40794 1.02357,-2.85755 1.14132,-3.22136 0.57446,-1.77482 3.44835,-9.8551 3.58212,-10.07154 0.084,-0.13596 1.1012,-0.24721 2.26038,-0.24721 2.05419,0 2.11477,0.0184 2.39066,0.72761 0.39892,1.02546 2.81959,7.84488 3.40453,9.59114 0.2681,0.80037 0.84082,2.43162 1.27272,3.625 0.4319,1.19339 0.71988,2.23519 0.63996,2.31511 -0.0799,0.0799 -0.88493,0.14531 -1.78891,0.14531 -1.82338,0 -1.78463,0.0395 -2.52992,-2.57969 l -0.31997,-1.12448 h -3.08299 -3.08299 l -0.53368,1.78594 -0.53369,1.78594 -1.71047,0.077 c -0.94075,0.0423 -1.78378,0.004 -1.87338,-0.0859 z m 9.69077,-6.70627 c 0.0792,-0.1281 -0.0779,-0.93178 -0.34904,-1.78593 -0.27115,-0.85416 -0.65529,-2.12783 -0.85364,-2.83037 -0.59718,-2.11517 -0.85991,-2.00609 -1.65686,0.68787 -0.39725,1.34286 -0.84079,2.72843 -0.98564,3.07904 -0.19404,0.46968 -0.17275,0.69496 0.0809,0.85585 0.46194,0.293 3.58251,0.28765 3.76428,-0.006 z"
       id="path33" /><path
       style="fill:#000000"
       d="m 125.65683,169.89166 v -8.24355 l 3.9026,0.11902 c 5.06436,0.15444 6.0904,0.57784 7.06752,2.9164 0.82877,1.98354 0.20527,4.21512 -1.59153,5.69619 l -1.00851,0.83129 2.16496,3.18749 c 1.19073,1.75312 2.16496,3.30538 2.16496,3.44947 0,0.14722 -0.78233,0.2612 -1.78594,0.26019 l -1.78594,-0.002 -1.96477,-3.1865 c -1.87744,-3.04486 -2.00093,-3.18297 -2.77813,-3.10706 l -0.81335,0.0794 -0.13229,3.04271 -0.13229,3.04271 -1.65365,0.0788 -1.65364,0.0788 z m 7.06055,-1.61741 c 0.42913,-0.40315 0.61237,-0.87242 0.61237,-1.5683 0,-1.40663 -0.91981,-2.08975 -2.81381,-2.08975 h -1.41953 v 2.11667 2.11666 h 1.5043 c 1.18036,0 1.63618,-0.12388 2.11667,-0.57528 z"
       id="path32" /><path
       style="fill:#000000"
       d="m 112.42766,169.90786 v -8.20209 h 4.77633 4.77633 l -0.08,1.38907 -0.08,1.38906 -2.85615,0.0752 -2.85616,0.0752 0.078,1.77686 0.078,1.77687 2.57969,0.0757 2.57968,0.0757 v 1.31334 1.31333 h -2.64583 -2.64583 v 2.10772 2.10771 l 2.84427,0.0751 2.84427,0.0751 0.08,1.38906 0.08,1.38906 h -4.77633 -4.77633 z"
       id="path31" /><path
       style="fill:#000000"
       d="m 95.229736,169.92648 v -8.22071 h 3.48837 c 4.343734,0 6.074634,0.42699 7.765954,1.91575 1.46083,1.28588 2.21126,2.86103 2.41805,5.07551 0.37318,3.99631 -1.02388,6.95728 -4.00211,8.48217 -1.50375,0.76994 -1.70425,0.80148 -5.614854,0.88322 l -4.05541,0.0848 z m 7.619914,4.90131 c 1.71469,-0.89215 2.43426,-2.42407 2.43426,-5.18238 0,-3.45286 -1.58323,-5.10507 -4.7625,-4.97 l -1.719794,0.0731 -0.0717,5.22552 -0.0717,5.22552 h 1.738524 c 0.9777,0 2.0512,-0.16268 2.45299,-0.37173 z"
       id="path30" /><path
       style="fill:#000000"
       d="m 82.265156,169.90788 v -8.2143 l 4.69635,0.0723 4.69636,0.0722 0.0832,1.01065 c 0.13235,1.60739 -0.16569,1.76747 -3.29062,1.76747 h -2.74573 v 1.69149 c 0,2.02854 -0.0252,2.01268 3.19664,2.01268 h 2.35961 v 1.31366 1.31366 l -2.71198,0.0754 -2.71197,0.0754 -0.0773,2.05052 -0.0773,2.05052 2.7231,0.004 c 1.49771,0.002 2.87967,0.10332 3.07101,0.22466 0.22481,0.14256 0.31842,0.63255 0.26458,1.38501 l -0.0833,1.1644 -4.69636,0.0722 -4.69635,0.0722 z"
       id="path29" /><path
       style="fill:#000000"
       d="m 69.300576,169.91998 v -8.21418 h 4.77632 4.77633 l -0.08,1.38907 -0.08,1.38906 -2.84427,0.0751 -2.84427,0.0751 v 2.09846 2.09846 l 2.71198,0.0754 2.71198,0.0754 v 1.32291 1.32292 l -2.70367,0.0753 -2.70366,0.0753 -0.0745,3.09969 -0.0745,3.09969 -1.78594,0.0782 -1.78593,0.0782 z"
       id="path28" /><path
       style="fill:#000000"
       d="m 135.89854,186.41146 c -0.31885,-0.31886 -0.20735,-1.07646 0.20933,-1.42227 0.53062,-0.44038 1.24782,0.12902 1.13725,0.90289 -0.0782,0.54763 -0.97315,0.8928 -1.34658,0.51938 z"
       id="path27" /><path
       style="fill:#000000"
       d="m 126.45058,186.99114 c 0,-0.0631 0.37498,-0.71793 0.8333,-1.4552 0.68538,-1.10255 0.96718,-1.3405 1.5875,-1.3405 0.43025,0 0.7542,0.14322 0.7542,0.33345 0,0.52976 -2.1261,2.57696 -2.67628,2.57696 -0.2743,0 -0.49872,-0.0516 -0.49872,-0.11471 z"
       id="path26" /><path
       style="fill:#000000"
       d="m 135.83545,197.89647 c -0.0758,-0.19745 -0.105,-2.3787 -0.065,-4.84721 l 0.0728,-4.4882 h 0.66146 0.66145 v 4.7625 c 0,4.74025 -0.003,4.7629 -0.59649,4.84721 -0.32807,0.0466 -0.65849,-0.0769 -0.73426,-0.2743 z"
       id="path25" /><path
       style="fill:#000000"
       d="m 131.21308,191.33919 v -6.87922 h 0.66146 0.66146 v 6.87917 6.87916 h -0.66146 -0.66146 z"
       id="path24" /><path
       style="fill:#000000"
       d="m 126.56791,197.87791 c -0.0718,-0.18724 -0.0979,-2.36014 -0.0578,-4.82865 l 0.0728,-4.4882 h 0.66146 0.66146 l 0.0756,4.23334 c 0.0416,2.32833 0.01,4.50122 -0.0712,4.82864 -0.16078,0.6519 -1.12008,0.83404 -1.34233,0.25487 z"
       id="path23" /><path
       style="fill:#000000"
       d="m 99.727656,193.34114 v -4.91237 h 0.661464 c 0.52916,0 0.66146,0.13229 0.66146,0.66146 0,0.3638 0.0675,0.66146 0.14994,0.66146 0.0825,0 0.54019,-0.29766 1.01716,-0.66146 0.60351,-0.46032 1.20157,-0.66146 1.96672,-0.66146 0.99642,0 1.09951,0.062 1.09951,0.66146 0,0.59488 -0.10611,0.66146 -1.05416,0.66146 -0.7906,0 -1.27019,0.19289 -1.91823,0.77152 l -0.86407,0.77152 -0.13229,3.39567 -0.13229,3.39566 -0.72761,0.0837 -0.727604,0.0837 z"
       id="path22" /><path
       style="fill:#000000"
       d="m 87.940266,197.8819 c -0.071,-0.18505 -0.097,-3.07232 -0.0578,-6.41615 l 0.0713,-6.07969 2.77813,-0.0819 c 4.48516,-0.13224 5.82083,0.59993 5.82083,3.19076 0,1.17106 -0.10433,1.41327 -0.93751,2.17643 l -0.93751,0.85873 0.81769,0.3387 c 2.27736,0.94331 2.0568,4.77016 -0.34048,5.90774 -1.18951,0.56446 -7.00581,0.64942 -7.21457,0.10539 z m 5.57506,-0.94669 c 1.15794,-0.37273 1.75695,-1.03981 1.90151,-2.11762 0.12592,-0.93883 0.0438,-1.17154 -0.66279,-1.87813 -0.76404,-0.76405 -0.91758,-0.80652 -2.91523,-0.80652 -2.43164,0 -2.42991,-0.002 -2.42991,2.42028 0,2.32246 0.23138,2.61232 2.05983,2.58043 0.83162,-0.0145 1.75259,-0.1038 2.04659,-0.19844 z m 0.49345,-6.42409 c 0.93064,-0.42403 1.3746,-1.60185 0.97103,-2.57614 -0.46043,-1.11157 -1.21134,-1.39472 -3.46075,-1.30494 l -1.97786,0.0789 -0.0798,1.69192 c -0.0439,0.93056 -0.0178,1.8533 0.0578,2.05052 0.17345,0.452 3.53053,0.49663 4.48951,0.0597 z"
       id="path21" /><path
       style="fill:#000000"
       d="m 141.03178,198.11371 c -1.89948,-1.0528 -1.72366,-4.04455 0.29395,-5.00197 0.48155,-0.22851 1.76672,-0.51428 2.85593,-0.63505 l 1.98038,-0.21957 -0.0694,-0.92199 c -0.12769,-1.6958 -1.5146,-2.24585 -3.70985,-1.47133 -1.13944,0.40202 -1.3801,0.33316 -1.3801,-0.39491 0,-0.62691 1.30587,-1.04041 3.28063,-1.0388 1.30519,0.001 1.7661,0.12276 2.40791,0.63579 l 0.79375,0.63449 0.0844,4.25899 c 0.0823,4.15701 0.0712,4.25899 -0.46302,4.25899 -0.30106,0 -0.54738,-0.17156 -0.54738,-0.38126 0,-0.67348 -0.42825,-0.67567 -1.33483,-0.007 -1.01094,0.74585 -3.10283,0.88728 -4.1923,0.28344 z m 4.25588,-1.66465 c 0.58845,-0.56377 0.74209,-0.9472 0.74209,-1.85208 v -1.14113 l -1.25678,0.0127 c -2.53737,0.0257 -4.1138,1.53339 -3.14662,3.0095 0.37468,0.57183 0.64648,0.68196 1.68304,0.68196 0.98106,0 1.38935,-0.14673 1.97827,-0.71096 z"
       id="path20" /><path
       style="fill:#000000"
       d="m 117.63832,198.17041 c -0.90714,-0.33073 -0.95192,-1.47647 -0.0512,-1.30889 0.29098,0.0541 1.28192,0.15398 2.20211,0.22188 1.3396,0.0988 1.77466,0.0315 2.18281,-0.33788 1.03524,-0.93687 0.3037,-2.07497 -1.8715,-2.91158 -3.31931,-1.27667 -4.23427,-3.77647 -1.83614,-5.01659 1.12806,-0.58334 4.70544,-0.44374 5.10968,0.1994 0.47944,0.76281 -0.0824,0.96113 -1.86018,0.65665 -1.39897,-0.23959 -1.7263,-0.21552 -2.3151,0.17028 -1.24935,0.8186 -0.73713,1.87092 1.3083,2.68785 2.95141,1.17878 3.2976,1.48618 3.2976,2.92802 0,1.57037 -0.18401,1.91315 -1.345,2.50544 -1.11825,0.57049 -3.53742,0.67356 -4.82142,0.20542 z"
       id="path19" /><path
       style="fill:#000000"
       d="m 107.85141,198.06058 c -0.84457,-0.45792 -1.24458,-1.31408 -1.24458,-2.66376 0,-1.75883 2.19401,-2.99935 5.30469,-2.99935 1.00691,0 1.04531,-0.0322 1.04531,-0.87615 0,-0.53105 -0.22427,-1.11687 -0.56938,-1.4873 -0.58247,-0.62522 -1.33624,-0.64898 -3.7301,-0.11762 -0.60082,0.13337 -0.72761,0.0713 -0.72761,-0.35603 0,-0.74649 1.07257,-1.13165 3.15137,-1.13165 3.08051,0 3.58661,1.01958 3.41313,6.87607 -0.0722,2.43659 -0.14096,2.78627 -0.56398,2.86728 -0.31066,0.0595 -0.5325,-0.10172 -0.6246,-0.45391 -0.14142,-0.5408 -0.15382,-0.53973 -1.26126,0.10928 -1.29462,0.7587 -3.04427,0.85598 -4.19299,0.23314 z m 4.34824,-1.69022 c 0.64513,-0.64513 0.77454,-0.97193 0.70725,-1.78594 -0.0785,-0.9496 -0.13048,-1.00027 -1.10859,-1.08047 -1.86211,-0.15269 -3.60398,0.85775 -3.60398,2.09063 0,1.07231 0.63742,1.56539 2.02362,1.56539 0.97037,0 1.33894,-0.14686 1.9817,-0.78961 z"
       id="path18" /><path
       style="fill:#309830;fill-opacity:1"
       d="m 49.985986,205.75893 c -0.29264,-0.35261 7.26626,-0.39594 67.767094,-0.38846 59.93264,0.007 68.03489,0.055 67.58287,0.39687 -0.44846,0.3392 -9.04327,0.38846 -67.76709,0.38846 -59.458104,0 -67.291674,-0.046 -67.582874,-0.39687 z"
       id="path17" /><path
       style="fill:#000000"
       d="m 144.50839,225.94122 c -0.72565,-0.34997 -0.85328,-1.4323 -0.13229,-1.12179 0.25466,0.10967 1.1774,0.25164 2.05052,0.31549 1.35101,0.0988 1.67619,0.0324 2.18281,-0.44599 1.12233,-1.05966 0.65734,-1.69105 -2.3151,-3.14362 -2.18783,-1.06914 -2.70176,-1.79533 -2.23105,-3.15253 0.39536,-1.13996 1.7709,-1.7105 3.77681,-1.56652 1.70919,0.12268 2.36174,0.42816 2.03701,0.95358 -0.12016,0.19442 -0.73923,0.23589 -1.83925,0.12319 -2.04285,-0.2093 -2.80185,0.11779 -2.80185,1.20745 0,0.66666 0.18533,0.85291 1.43882,1.4459 0.79135,0.37437 1.55612,0.68067 1.69949,0.68067 0.14337,0 0.62699,0.30824 1.07472,0.68498 1.46806,1.23529 0.98301,3.35942 -0.93353,4.08809 -0.87976,0.33448 -3.2554,0.29363 -4.00711,-0.0689 z"
       id="path16" /><path
       style="fill:#000000"
       d="m 134.73504,225.74775 c -1.12594,-0.68654 -1.402,-1.79466 -1.40382,-5.63517 l -0.001,-3.10886 h 0.66145 0.66146 v 3.18814 c 0,4.26681 0.37715,5.01394 2.53101,5.01394 0.61765,0 1.16733,-0.23865 1.75117,-0.76031 l 0.85093,-0.76031 0.11122,-3.34073 c 0.10165,-3.05335 0.15399,-3.34073 0.60845,-3.34073 0.46701,0 0.49722,0.27237 0.49722,4.4823 0,2.48333 -0.10992,4.55024 -0.24648,4.63464 -0.13556,0.0838 -0.43092,-0.111 -0.65635,-0.43285 l -0.40988,-0.58518 -1.03331,0.58075 c -1.27716,0.71781 -2.80871,0.74294 -3.9216,0.0644 z"
       id="path15" /><path
       style="fill:#000000"
       d="m 107.05331,226.09326 c -0.10005,-0.10004 -0.1819,-2.18612 -0.1819,-4.63572 0,-4.27743 0.021,-4.45382 0.52917,-4.45382 0.35858,0 0.52916,0.17639 0.52916,0.54718 0,0.53962 0.0119,0.53871 0.8599,-0.0661 1.19443,-0.85194 3.33171,-0.86105 4.22907,-0.018 0.77377,0.72692 0.87266,0.73126 1.58304,0.0694 1.18633,-1.10524 3.76604,-1.0047 4.70043,0.18319 0.50544,0.64255 0.54185,0.9921 0.47449,4.55422 -0.0609,3.22074 -0.13854,3.85826 -0.46984,3.85826 -0.32527,0 -0.42205,-0.62059 -0.53642,-3.43959 -0.0767,-1.89177 -0.23958,-3.65125 -0.36185,-3.90995 -0.53839,-1.13909 -2.38502,-1.32115 -3.51875,-0.34692 -0.73269,0.6296 -0.74349,0.68275 -0.82912,4.08064 -0.0699,2.77276 -0.16464,3.47262 -0.4869,3.59628 -0.22007,0.0845 -0.50845,0.0866 -0.64084,0.005 -0.13239,-0.0818 -0.24071,-1.67349 -0.24071,-3.53705 0,-3.02721 -0.0584,-3.46258 -0.54837,-4.08543 -0.58665,-0.74581 -1.5298,-0.89987 -2.72561,-0.44522 -1.08741,0.41343 -1.34242,1.22899 -1.4865,4.75401 -0.12411,3.03671 -0.33644,3.83187 -0.87845,3.28986 z"
       id="path14" /><path
       style="fill:#000000"
       d="m 97.478696,225.95704 c -1.9765,-1.08694 -1.9196,-3.64835 0.10281,-4.62833 0.52554,-0.25466 1.7592,-0.51195 2.741464,-0.57177 l 1.78594,-0.10877 v -0.89618 c 0,-1.39449 -0.82213,-2.05075 -2.345824,-1.87255 -0.67433,0.0789 -1.49395,0.22564 -1.82137,0.32615 -0.48447,0.14874 -0.59531,0.0808 -0.59531,-0.36482 0,-0.98315 2.893204,-1.44758 4.593134,-0.7373 1.30496,0.54525 1.51965,1.36326 1.43422,5.46467 -0.0616,2.95836 -0.14164,3.56371 -0.4711,3.56371 -0.21828,0 -0.43492,-0.26789 -0.48142,-0.59532 -0.10453,-0.73597 -0.0796,-0.73727 -1.26354,0.0662 -1.05382,0.71514 -2.729474,0.87654 -3.679004,0.35436 z m 3.729374,-1.36725 c 0.56621,-0.48704 0.72165,-0.86099 0.74235,-1.78594 l 0.0262,-1.16992 -1.51283,0.0301 c -2.466844,0.0491 -3.730234,1.37637 -2.743574,2.88221 0.59772,0.91223 2.451034,0.93535 3.487854,0.0435 z"
       id="path13" /><path
       style="fill:#000000"
       d="m 88.521596,225.73407 c -1.40289,-0.70031 -1.71109,-0.99102 -2.36457,-2.23036 -0.45838,-0.86931 -0.56737,-1.5335 -0.56737,-3.45728 0,-3.14229 0.76348,-4.66041 2.96284,-5.8914 0.90678,-0.50753 3.4807,-0.69138 4.7755,-0.34111 0.95501,0.25836 1.12647,0.40329 1.05205,0.88933 -0.0565,0.36919 -0.23117,0.53669 -0.47951,0.45991 -0.21482,-0.0664 -1.1822,-0.16502 -2.14971,-0.2191 -2.14557,-0.11993 -3.10789,0.3063 -4.10979,1.82027 -0.61024,0.92213 -0.70822,1.34767 -0.71415,3.10148 -0.008,2.28139 0.37206,3.26583 1.68655,4.37191 1.19493,1.00547 3.34215,1.23259 5.13796,0.54347 0.30268,-0.11614 0.42001,-0.004 0.42001,0.40286 0,0.7486 -0.93549,1.08281 -2.99379,1.06955 -1.067,-0.007 -1.9912,-0.18765 -2.65602,-0.51953 z"
       id="path12" /><path
       style="fill:#000000"
       d="m 122.74641,223.6183 c 0,-6.43819 0.0141,-6.61458 0.52917,-6.61458 0.35858,0 0.52916,0.17639 0.52916,0.54718 0,0.53962 0.0119,0.53871 0.8599,-0.0661 1.25649,-0.89621 3.57988,-0.87177 4.57685,0.0481 1.00792,0.93 1.44242,2.11323 1.44242,3.92794 0,1.94991 -0.52839,3.25106 -1.67557,4.12606 -1.11587,0.85111 -2.82962,0.91281 -4.08551,0.14709 -0.47646,-0.2905 -0.92295,-0.52818 -0.99219,-0.52818 -0.0692,0 -0.1259,1.1311 -0.1259,2.51355 0,2.33715 -0.0371,2.51354 -0.52916,2.51354 -0.51506,0 -0.52917,-0.17639 -0.52917,-6.61459 z m 5.69294,0.78916 c 1.47796,-1.54265 1.1243,-5.71509 -0.53799,-6.34709 -2.88026,-1.09507 -4.82051,1.48565 -3.82144,5.08288 0.57974,2.08739 2.92045,2.76619 4.35943,1.26421 z"
       id="path11" /><path
       style="fill:#000000"
       d="m 155.0871,239.55945 c 0.0607,-5.61299 0.12746,-6.54844 0.46765,-6.54844 0.34018,0 0.40698,0.93545 0.46764,6.54844 0.0695,6.43271 0.0613,6.54844 -0.46764,6.54844 -0.5289,0 -0.53716,-0.11573 -0.46765,-6.54844 z"
       id="path10" /><path
       style="fill:#000000"
       d="m 145.40437,245.41035 c -0.98787,-0.98787 -0.96954,-2.51075 0.0424,-3.52268 0.76386,-0.76386 2.66212,-1.33603 4.43247,-1.33603 0.82182,0 0.91302,-0.0734 0.91302,-0.73488 0,-0.40418 -0.19227,-1.00938 -0.42727,-1.34489 -0.37787,-0.53948 -0.59964,-0.59818 -1.91823,-0.50778 -0.82003,0.0562 -1.66956,0.15541 -1.88784,0.22041 -0.25946,0.0773 -0.39687,-0.0642 -0.39687,-0.40864 0,-0.41065 0.30033,-0.60711 1.36204,-0.89095 1.16573,-0.31165 1.52802,-0.30971 2.51355,0.0134 1.80479,0.59174 2.10052,1.41868 2.01497,5.63443 -0.0615,3.02985 -0.1245,3.44682 -0.53275,3.52513 -0.32065,0.0615 -0.46302,-0.0799 -0.46302,-0.45976 0,-0.69027 -0.39015,-0.69632 -1.25072,-0.0194 -0.49492,0.3893 -1.07336,0.52917 -2.18847,0.52917 -1.28491,0 -1.62196,-0.10623 -2.21327,-0.69754 z m 3.76664,-0.47564 c 1.02906,-0.53215 1.30754,-0.94003 1.51115,-2.21339 l 0.17772,-1.11135 -1.55517,9.9e-4 c -1.09262,6.9e-4 -1.81558,0.15976 -2.43071,0.53479 -0.77225,0.47083 -0.86588,0.64945 -0.79375,1.51428 0.12363,1.48219 1.55106,2.07089 3.09076,1.27468 z"
       id="path9" /><path
       style="fill:#000000"
       d="m 138.09225,241.63828 c 0,-3.83162 0.0597,-4.49253 0.41851,-4.63021 0.6026,-0.23124 0.63982,-0.21236 0.63982,0.32447 0,0.79644 0.25773,0.82655 1.25895,0.14711 1.60117,-1.08659 3.11749,-1.17472 2.92432,-0.16996 -0.0625,0.3249 -0.42899,0.50931 -1.22376,0.61571 -0.73784,0.0988 -1.38427,0.4013 -1.84861,0.86516 -0.6877,0.68699 -0.71726,0.83503 -0.80175,4.01531 -0.0875,3.29189 -0.0897,3.30202 -0.72761,3.30202 h -0.63987 z"
       id="path8" /><path
       style="fill:#000000"
       d="m 128.04039,245.35715 c -0.91374,-0.91373 -1.12155,-2.09338 -1.0097,-5.73155 0.0751,-2.44233 0.12205,-2.64584 0.61051,-2.64584 0.49488,0 0.53821,0.2229 0.66871,3.43959 0.0767,1.89177 0.23212,3.63181 0.34528,3.86676 0.24061,0.49957 1.29663,1.02803 2.05431,1.02803 0.79217,0 2.03274,-0.7205 2.39643,-1.3918 0.17657,-0.32592 0.37379,-1.9618 0.43826,-3.63529 0.10878,-2.82388 0.32857,-3.62577 0.8974,-3.27421 0.11609,0.0717 0.21107,2.14748 0.21107,4.61275 0,3.92491 -0.0524,4.4823 -0.42164,4.4823 -0.23191,0 -0.48392,-0.23813 -0.56003,-0.52917 -0.17063,-0.6525 -0.30082,-0.6525 -1.13499,0 -0.48121,0.3764 -1.0816,0.519 -2.20317,0.52328 -1.34469,0.005 -1.63764,-0.09 -2.29244,-0.74485 z"
       id="path7" /><path
       style="fill:#000000"
       d="m 121.97187,245.41075 c -0.48988,-0.62278 -0.54838,-1.05825 -0.54838,-4.08264 0,-3.27237 -0.0192,-3.38833 -0.57458,-3.47005 -0.76845,-0.11307 -0.90808,-0.64251 -0.21711,-0.82321 0.33727,-0.0882 0.71944,-0.56863 0.98001,-1.23198 0.50988,-1.29802 0.9712,-1.26703 1.08443,0.0729 0.0784,0.92798 0.12607,0.97191 1.05833,0.97578 0.53692,0.002 1.15481,0.12129 1.37309,0.26459 0.35278,0.23158 0.35278,0.28948 0,0.52106 -0.21828,0.14329 -0.84336,0.26235 -1.38906,0.26458 l -0.99219,0.004 v 3.29229 c 0,3.10222 0.034,3.31607 0.58804,3.70417 0.32342,0.22653 0.91873,0.41188 1.32292,0.41188 0.47683,0 0.73487,0.13935 0.73487,0.39687 0,0.30403 -0.33594,0.39688 -1.436,0.39688 -1.2362,0 -1.5123,-0.097 -1.98437,-0.69714 z"
       id="path6" /><path
       style="fill:#000000"
       d="m 111.56776,245.82211 c -1.01007,-0.58831 -1.25677,-1.6499 -1.25677,-5.40803 0,-3.58554 0.003,-3.60299 0.59531,-3.51887 0.57677,0.0819 0.59944,0.19761 0.72761,3.71419 0.1543,4.23344 0.32129,4.57245 2.2524,4.57245 0.93108,0 1.32753,-0.15222 1.90878,-0.73288 0.71116,-0.71044 0.73629,-0.83333 0.82091,-4.0147 0.0699,-2.62668 0.16707,-3.31244 0.4869,-3.43517 0.21978,-0.0843 0.50792,-0.0864 0.6403,-0.005 0.13239,0.0818 0.24071,2.1658 0.24071,4.63107 0,4.30591 -0.0208,4.4823 -0.52917,4.4823 -0.35277,0 -0.52916,-0.17639 -0.52916,-0.52917 0,-0.29104 -0.13005,-0.52917 -0.289,-0.52917 -0.15895,0 -0.59172,0.23813 -0.96172,0.52917 -0.74477,0.58584 -3.26295,0.73506 -4.1071,0.24339 z"
       id="path5" /><path
       style="fill:#000000"
       d="m 103.22706,241.56306 c 0.0611,-3.86544 0.13463,-4.5833 0.46935,-4.5833 0.21828,0 0.43492,0.26789 0.48142,0.59532 0.10393,0.73176 0.35359,0.75145 0.96477,0.0761 0.55399,-0.61214 2.11572,-1.1795 2.66576,-0.96842 0.21228,0.0815 0.38597,0.38997 0.38597,0.68557 0,0.4374 -0.17165,0.53747 -0.92187,0.53747 -0.6442,0 -1.18213,0.23224 -1.78594,0.77104 l -0.86407,0.77104 -0.13229,3.26386 c -0.12759,3.14778 -0.15369,3.26689 -0.73394,3.34923 l -0.60164,0.0854 z"
       id="path4" /><path
       style="fill:#000000"
       d="m 97.894776,245.41075 c -0.48988,-0.62278 -0.54837,-1.05825 -0.54837,-4.08264 0,-3.27237 -0.0192,-3.38833 -0.57459,-3.47005 -0.76845,-0.11307 -0.90808,-0.64251 -0.2171,-0.82321 0.33726,-0.0882 0.71943,-0.56863 0.98,-1.23198 0.50988,-1.29802 0.9712,-1.26703 1.08443,0.0729 0.0784,0.92798 0.12608,0.97191 1.05833,0.97578 0.536924,0.002 1.154814,0.12129 1.373104,0.26459 0.35277,0.23158 0.35277,0.28948 0,0.52106 -0.21829,0.14329 -0.84336,0.26235 -1.389074,0.26458 l -0.99218,0.004 v 3.29229 c 0,3.10222 0.034,3.31607 0.58803,3.70417 0.32342,0.22653 0.918744,0.41188 1.322924,0.41188 0.47684,0 0.73488,0.13935 0.73488,0.39687 0,0.30403 -0.33595,0.39688 -1.436014,0.39688 -1.2362,0 -1.5123,-0.097 -1.98437,-0.69714 z"
       id="path3" /><path
       style="fill:#000000"
       d="m 88.202706,245.72882 c -0.40451,-0.29855 -0.44515,-0.44848 -0.19136,-0.70588 0.25113,-0.2547 0.54983,-0.25863 1.35362,-0.0178 1.36042,0.40759 2.03072,0.38976 2.93543,-0.0781 1.48053,-0.76561 1.24748,-1.90849 -0.56804,-2.78565 -0.60496,-0.29229 -1.1983,-0.53143 -1.31853,-0.53143 -0.12022,0 -0.63108,-0.26789 -1.13524,-0.59531 -1.89234,-1.22898 -1.64529,-3.21928 0.50137,-4.0391 1.07435,-0.41029 1.40336,-0.42531 2.8043,-0.12801 2.57521,0.54649 1.98047,1.21546 -0.97121,1.09242 -1.71345,-0.0714 -1.92637,-0.024 -2.20162,0.49029 -0.44602,0.8334 0.20368,1.66325 1.76014,2.24818 1.29493,0.48664 2.70576,1.33668 3.06193,1.84483 0.47286,0.67463 0.19437,2.04594 -0.57091,2.81122 -0.72404,0.72404 -0.90654,0.7734 -2.85984,0.7734 -1.39567,0 -2.25649,-0.1255 -2.60004,-0.37907 z"
       id="path2" /><path
       style="fill:#000000"
       d="m 79.416006,239.95633 0.071,-6.15157 3.24115,-0.0743 c 3.08664,-0.0707 3.24114,-0.0491 3.24114,0.45344 0,0.48599 -0.20404,0.53372 -2.57968,0.60346 l -2.57969,0.0757 -0.0771,2.04044 -0.0771,2.04045 2.45834,0.0762 c 2.25655,0.07 2.45835,0.11966 2.45835,0.60539 0,0.48554 -0.20175,0.53543 -2.4474,0.60524 l -2.4474,0.0761 v 2.37132 2.37132 h 2.64584 c 2.46944,0 2.64583,0.0353 2.64583,0.52917 0,0.50099 -0.17639,0.52917 -3.31217,0.52917 h -3.31216 z"
       id="path1" /></g></svg>
